Adelaide:0.982200647249191
Albany:0.956953642384106
Albury:0.9867330016583747
AliceSprings:0.9884678747940692
BadgerysCreek:0.9641638225255973
Ballarat:0.971947194719472
Bendigo:0.985172981878089
Brisbane:0.966824644549763
Cairns:0.9347826086956522
Canberra:0.9678362573099415
Cobar:0.9832775919732442
CoffsHarbour:0.934010152284264
Dartmoor:0.9762308998302207
Darwin:0.9436619718309859
GoldCoast:0.9580536912751678
Hobart:0.9749216300940439
Katherine:0.9551282051282052
Launceston:0.9702970297029703
Melbourne:0.9815195071868583
MelbourneAirport:0.9817275747508306
Mildura:0.9867109634551495
Moree:0.9807355516637478
MountGambier:0.9818481848184818
MountGinini:0.9742268041237113
Newcastle:0.9543147208121827
Nhil:0.9872611464968153
NorahHead:0.9488054607508533
NorfolkIsland:0.9561551433389545
Nuriootpa:0.9883527454242929
PearceRAAF:0.9801084990958409
Penrith:0.9797639123102867
Perth:0.9780907668231612
PerthAirport:0.9850498338870431
Portland:0.975
Richmond:0.961082910321489
Sale:0.9833333333333333
SalmonGums:0.9949238578680203
Sydney:0.9700598802395209
SydneyAirport:0.961730449251248
Townsville:0.9538714991762768
Tuggeranong:0.96
Uluru:0.9868852459016394
WaggaWagga:0.9781879194630873
Walpole:0.9716312056737588
Watsonia:0.9733333333333334
Williamtown:0.9628180039138943
Witchcliffe:0.9695431472081218
Wollongong:0.9581239530988275
Woomera:0.9983277591973244
Average Accuracy:0.9715140236898256